#DESI TS - Eff mode: BDT-r
#2D ========= (0.2 dz bins, 0.5 r mag.)
0.1 16.75 0
0.1 17.25 0.0170452
0.1 17.75 0.0389088
0.1 18.25 0.0548031
0.1 18.75 0.0707361
0.1 19.25 0.0857709
0.1 19.75 0.111644
0.1 20.25 0.150551
0.1 20.75 0.192275
0.1 21.25 0.22729
0.1 21.75 0.266629
0.1 22.25 0.285723
0.3 16.75 0
0.3 17.25 0.0214591
0.3 17.75 0.0738231
0.3 18.25 0.138172
0.3 18.75 0.208404
0.3 19.25 0.271819
0.3 19.75 0.365078
0.3 20.25 0.500034
0.3 20.75 0.645914
0.3 21.25 0.773956
0.3 21.75 0.925737
0.3 22.25 1.02211
0.5 16.75 0
0.5 17.25 0.0103774
0.5 17.75 0.0475634
0.5 18.25 0.121716
0.5 18.75 0.23954
0.5 19.25 0.371351
0.5 19.75 0.545111
0.5 20.25 0.776196
0.5 20.75 1.0193
0.5 21.25 1.23097
0.5 21.75 1.47926
0.5 22.25 1.63949
0.7 16.75 0.00122
0.7 17.25 0.0116857
0.7 17.75 0.0496439
0.7 18.25 0.138092
0.7 18.75 0.301628
0.7 19.25 0.514997
0.7 19.75 0.787501
0.7 20.25 1.1248
0.7 20.75 1.47814
0.7 21.25 1.78695
0.7 21.75 2.15381
0.7 22.25 2.35894
0.9 16.75 0.00316
0.9 17.25 0.0179297
0.9 17.75 0.0683499
0.9 18.25 0.187175
0.9 18.75 0.405684
0.9 19.25 0.700271
0.9 19.75 1.06879
0.9 20.25 1.50541
0.9 20.75 1.96479
0.9 21.25 2.36813
0.9 21.75 2.85397
0.9 22.25 3.08232
1.1 16.75 0.00618
1.1 17.25 0.0269437
1.1 17.75 0.0945158
1.1 18.25 0.25585
1.1 18.75 0.545205
1.1 19.25 0.929826
1.1 19.75 1.38854
1.1 20.25 1.90968
1.1 20.75 2.46499
1.1 21.25 2.9579
1.1 21.75 3.56319
1.1 22.25 3.79755
1.3 16.75 0.00792
1.3 17.25 0.0297673
1.3 17.75 0.0990599
1.3 18.25 0.273583
1.3 18.75 0.600087
1.3 19.25 1.0567
1.3 19.75 1.59127
1.3 20.25 2.17194
1.3 20.75 2.79419
1.3 21.25 3.35285
1.3 21.75 4.05001
1.3 22.25 4.27418
1.5 16.75 0.0066
1.5 17.25 0.0224
1.5 17.75 0.0723
1.5 18.25 0.2094
1.5 18.75 0.498523
1.5 19.25 0.968132
1.5 19.75 1.55163
1.5 20.25 2.16702
1.5 20.75 2.81696
1.5 21.25 3.40076
1.5 21.75 4.13259
1.5 22.25 4.33113
1.7 16.75 0.004
1.7 17.25 0.0139
1.7 17.75 0.0465
1.7 18.25 0.1441
1.7 18.75 0.37883
1.7 19.25 0.816
1.7 19.75 1.40777
1.7 20.25 2.04962
1.7 20.75 2.72444
1.7 21.25 3.33756
1.7 21.75 4.08345
1.7 22.25 4.39395
1.9 16.75 0.0027
1.9 17.25 0.0094
1.9 17.75 0.0321
1.9 18.25 0.1029
1.9 18.75 0.287207
1.9 19.25 0.667426
1.9 19.75 1.23357
1.9 20.25 1.88232
1.9 20.75 2.56763
1.9 21.25 3.19156
1.9 21.75 3.9232
1.9 22.25 4.31878
2.1 16.75 0.0017
2.1 17.25 0.006
2.1 17.75 0.0206
2.1 18.25 0.0683
2.1 18.75 0.201941
2.1 19.25 0.507846
2.1 19.75 1.019
2.1 20.25 1.65706
2.1 20.75 2.34504
2.1 21.25 2.97186
2.1 21.75 3.67625
2.1 22.25 4.13843
2.3 16.75 0.0011
2.3 17.25 0.0036
2.3 17.75 0.0124
2.3 18.25 0.0412
2.3 18.75 0.126378
2.3 19.25 0.341265
2.3 19.75 0.743701
2.3 20.25 1.29447
2.3 20.75 1.91142
2.3 21.25 2.48144
2.3 21.75 3.09949
2.3 22.25 3.57564
2.5 16.75 0.0012
2.5 17.25 0.0039
2.5 17.75 0.0125
2.5 18.25 0.0385
2.5 18.75 0.109198
2.5 19.25 0.273268
2.5 19.75 0.56676
2.5 20.25 0.975973
2.5 20.75 1.45585
2.5 21.25 1.91557
2.5 21.75 2.40615
2.5 22.25 2.83506
2.7 16.75 0.0012
2.7 17.25 0.0036
2.7 17.75 0.0108
2.7 18.25 0.0313
2.7 18.75 0.0823655
2.7 19.25 0.193993
2.7 19.75 0.397908
2.7 20.25 0.682882
2.7 20.75 1.00441
2.7 21.25 1.31289
2.7 21.75 1.61901
2.7 22.25 1.76971
2.9 16.75 0.0011
2.9 17.25 0.0032
2.9 17.75 0.009
2.9 18.25 0.0245
2.9 18.75 0.0599107
2.9 19.25 0.13341
2.9 19.75 0.27106
2.9 20.25 0.462565
2.9 20.75 0.668287
2.9 21.25 0.8661
2.9 21.75 1.04525
2.9 22.25 1.03458
3.1 16.75 0.001
3.1 17.25 0.0027
3.1 17.75 0.0071
3.1 18.25 0.0181
3.1 18.75 0.041577
3.1 19.25 0.0876951
3.1 19.75 0.17732
3.1 20.25 0.301025
3.1 20.75 0.426228
3.1 21.25 0.546393
3.1 21.75 0.642179
3.1 22.25 0.552226
3.3 16.75 0.0008
3.3 17.25 0.002
3.3 17.75 0.0049
3.3 18.25 0.0118
3.3 18.75 0.0254419
3.3 19.25 0.0512611
3.3 19.75 0.104239
3.3 20.25 0.177813
3.3 20.75 0.24802
3.3 21.25 0.315181
3.3 21.75 0.359221
3.3 22.25 0.248526
3.5 16.75 0.0009
3.5 17.25 0.0021
3.5 17.75 0.0047
3.5 18.25 0.0104
3.5 18.75 0.0201143
3.5 19.25 0.0364468
3.5 19.75 0.0698791
3.5 20.25 0.113332
3.5 20.75 0.149034
3.5 21.25 0.181776
3.5 21.75 0.194906
3.5 22.25 0.0893151
3.7 16.75 0.0008
3.7 17.25 0.00176
3.7 17.75 0.00368
3.7 18.25 0.00752
3.7 18.75 0.0133851
3.7 19.25 0.0265536
3.7 19.75 0.0514159
3.7 20.25 0.0763075
3.7 20.75 0.097497
3.7 21.25 0.106995
3.7 21.75 0.10438
3.7 22.25 0.0477939
3.9 16.75 0.00042
3.9 17.25 0.00102
3.9 17.75 0.00198
3.9 18.25 0.00372
3.9 18.75 0.00630857
3.9 19.25 0.0150028
3.9 19.75 0.0302644
3.9 20.25 0.0423609
3.9 20.75 0.0538512
3.9 21.25 0.0531012
3.9 21.75 0.045737
3.9 22.25 0.0211259
4.1 16.75 0.00012
4.1 17.25 0.00044
4.1 17.75 0.00084
4.1 18.25 0.00156
4.1 18.75 0.00245029
4.1 19.25 0.00792463
4.1 19.75 0.0167223
4.1 20.25 0.0219885
4.1 20.75 0.02783
4.1 21.25 0.0239927
4.1 21.75 0.0166775
4.1 22.25 0.00778303
4.3 16.75 2e-05
4.3 17.25 0.00014
4.3 17.75 0.00028
4.3 18.25 0.00046
4.3 18.75 0.000694856
4.3 19.25 0.00401494
4.3 19.75 0.00889402
4.3 20.25 0.0109633
4.3 20.75 0.0136484
4.3 21.25 0.00984389
4.3 21.75 0.0042954
4.3 22.25 0.00201951
4.5 16.75 0
4.5 17.25 0
4.5 17.75 0
4.5 18.25 0
4.5 18.75 0
4.5 19.25 0.00186
4.5 19.75 0.004255
4.5 20.25 0.004899
4.5 20.75 0.006
4.5 21.25 0.003384
4.5 21.75 0
4.5 22.25 0
4.7 16.75 0
4.7 17.25 0
4.7 17.75 0
4.7 18.25 0
4.7 18.75 0
4.7 19.25 0.00108
4.7 19.75 0.0023125
4.7 20.25 0.002556
4.7 20.75 0.00306
4.7 21.25 0.001728
4.7 21.75 0
4.7 22.25 0
4.9 16.75 0
4.9 17.25 0
4.9 17.75 0
4.9 18.25 0
4.9 18.75 0
4.9 19.25 0.00102
4.9 19.75 0.0021275
4.9 20.25 0.002272
4.9 20.75 0.00258
4.9 21.25 0.001392
4.9 21.75 0
4.9 22.25 0
